XIAP	BIRC3	987968	979190	ENSP00000347858	ENSP00000263464	0	0	0	0.885	0	0	0.9	0	0.899
SP1	BAX	985597	981408	ENSP00000329357	ENSP00000293288	0	0	0	0	0	0	0.9	0	0.899
TERF2IP	RAD50	982235	979585	ENSP00000300086	ENSP00000265335	0	0	0	0	0	0.84	0.9	0	0.982
MAP3K7	BIRC2	989887	976784	ENSP00000358335	ENSP00000227758	0	0	0	0	0	0.735	0	0	0.734
TP53	MAPK14	979979	976889	ENSP00000269305	ENSP00000229794	0	0	0	0	0	0.596	0.9	0	0.956
CHEK1	ATM	980540	980514	ENSP00000278916	ENSP00000278616	0	0	0	0	0	0.826	0.9	0	0.981
CASP8	IKBKB	988504	986774	ENSP00000351273	ENSP00000339151	0	0	0	0	0	0.62	0.9	0	0.959
GSK3B	TP53	985091	979979	ENSP00000324806	ENSP00000269305	0	0	0	0	0	0.937	0.9	0	0.993
ATR	CHEK1	987414	980540	ENSP00000343741	ENSP00000278916	0	0	0	0	0	0.971	0.8	0	0.993
IKBKG	RELB	989953	976465	ENSP00000358622	ENSP00000221452	0	0	0	0	0	0	0.8	0	0.8
SP1	NFKB1	985597	976749	ENSP00000329357	ENSP00000226574	0	0	0	0	0	0.937	0	0	0.937
PTGS2	PTGES2	989478	987634	ENSP00000356438	ENSP00000345341	0	0	0	0	0	0	0.9	0	0.899
BIRC3	TNFRSF1A	979190	975867	ENSP00000263464	ENSP00000162749	0	0	0	0	0	0.845	0.9	0	0.983
MYC	AKT1	991727	980037	ENSP00000367207	ENSP00000270202	0	0	0	0	0	0	0.9	0	0.899
RELA	CHEK1	994309	980540	ENSP00000384273	ENSP00000278916	0	0	0	0	0	0.826	0	0	0.825
IKBKG	NFKB2	989953	975943	ENSP00000358622	ENSP00000189444	0	0	0	0	0	0.648	0.9	0	0.962
CTNNB1	GSK3B	987513	985091	ENSP00000344456	ENSP00000324806	0	0	0	0	0	0.999	0.9	0	0.999
AKT1	NFKBIA	980037	976240	ENSP00000270202	ENSP00000216797	0	0	0	0	0	0	0.8	0	0.8
RELA	TNFRSF1A	994309	975867	ENSP00000384273	ENSP00000162749	0	0	0	0	0.072	0	0.9	0	0.9
ATR	TP53	987414	979979	ENSP00000343741	ENSP00000269305	0	0	0	0	0	0.999	0.8	0	0.999
CTNNB1	MAPK14	987513	976889	ENSP00000344456	ENSP00000229794	0	0	0	0	0	0	0.9	0	0.899
MAP3K7	MAPK10	989887	988635	ENSP00000358335	ENSP00000352157	0	0	0	0.61	0	0	0.8	0	0.8
SP1	CDKN1A	985597	977443	ENSP00000329357	ENSP00000244741	0	0	0	0	0	0.62	0.9	0	0.959
TERT	AKT1	983416	980037	ENSP00000309572	ENSP00000270202	0	0	0	0	0	0.937	0.9	0	0.993
DNMT1	DNMT3B	988697	985501	ENSP00000352516	ENSP00000328547	0	0	0	0	0.149	0.974	0	0	0.976
IKBKG	IKBKB	989953	986774	ENSP00000358622	ENSP00000339151	0	0	0	0.504	0	0.999	0.9	0	0.999
RELA	MAP3K7	994309	989887	ENSP00000384273	ENSP00000358335	0	0	0	0	0	0.621	0.8	0	0.919
NFKBIA	TNFRSF1A	976240	975867	ENSP00000216797	ENSP00000162749	0	0	0	0	0	0	0.9	0	0.899
TERF2IP	TERF2	982235	978092	ENSP00000300086	ENSP00000254942	0	0	0	0	0	0.999	0.9	0	0.999
CHEK2	MRE11A	992579	985197	ENSP00000372023	ENSP00000325863	0	0	0	0	0.096	0	0.9	0	0.903
DVL1	GSK3B	991905	985091	ENSP00000368169	ENSP00000324806	0	0	0	0	0	0	0.9	0	0.899
MYC	CDKN1A	991727	977443	ENSP00000367207	ENSP00000244741	0	0	0	0	0	0	0.9	0	0.899
TNF	RIPK1	995272	978509	ENSP00000392858	ENSP00000259808	0	0	0	0	0	0.995	0	0	0.994
CHEK1	TP53	980540	979979	ENSP00000278916	ENSP00000269305	0	0	0	0	0	0.995	0.9	0	0.999
IKBKG	AKT1	989953	980037	ENSP00000358622	ENSP00000270202	0	0	0	0	0	0.769	0.9	0	0.975
MAP3K7	NFKBIA	989887	976240	ENSP00000358335	ENSP00000216797	0	0	0	0	0	0	0.8	0	0.8
AKT1	MAPK14	980037	976889	ENSP00000270202	ENSP00000229794	0	0	0	0.702	0	0.845	0	0	0.845
MAP3K7	IKBKB	989887	986774	ENSP00000358335	ENSP00000339151	0	0	0	0.579	0	0.995	0.9	0	0.999
CTNNB1	TERT	987513	983416	ENSP00000344456	ENSP00000309572	0	0	0	0	0	0	0.9	0	0.899
RELA	IKBKB	994309	986774	ENSP00000384273	ENSP00000339151	0	0	0	0	0	0.988	0.9	0	0.998
CTNNB1	PIK3CA	987513	979288	ENSP00000344456	ENSP00000263967	0	0	0	0	0	0	0.9	0	0.899
BIRC3	NFKB1	979190	976749	ENSP00000263464	ENSP00000226574	0	0	0	0	0.271	0	0.9	0	0.922
RIPK1	MAPK14	978509	976889	ENSP00000259808	ENSP00000229794	0	0	0	0.657	0	0	0.9	0	0.899
BIRC3	BIRC2	979190	976784	ENSP00000263464	ENSP00000227758	0	0	0	0.963	0.315	0	0.9	0	0.926
MDM2	ATM	997954	980514	ENSP00000417281	ENSP00000278616	0	0	0	0	0	0.621	0.9	0	0.959
IKBKG	MAP3K7	989953	989887	ENSP00000358622	ENSP00000358335	0	0	0	0	0	0.937	0.9	0	0.993
BAX	TP53	981408	979979	ENSP00000293288	ENSP00000269305	0	0	0	0	0.077	0.62	0.9	0	0.96
SP1	TERT	985597	983416	ENSP00000329357	ENSP00000309572	0	0	0	0	0	0	0.9	0	0.899
IKBKG	TNFRSF1A	989953	975867	ENSP00000358622	ENSP00000162749	0	0	0	0	0	0.62	0.9	0	0.959
GSK3B	AKT1	985091	980037	ENSP00000324806	ENSP00000270202	0	0	0	0.618	0	0.995	0.9	0	0.999
TP53	CDKN1A	979979	977443	ENSP00000269305	ENSP00000244741	0	0	0	0	0	0.999	0.9	0	0.999
CASP8	BIRC2	988504	976784	ENSP00000351273	ENSP00000227758	0	0	0	0	0	0.906	0.9	0	0.989
NBN	TERF2	979610	978092	ENSP00000265433	ENSP00000254942	0	0	0	0	0	0.845	0	0	0.845
IKBKG	CASP8	989953	988504	ENSP00000358622	ENSP00000351273	0	0	0	0	0	0.62	0.9	0	0.959
CASP8	BCL2	988504	985632	ENSP00000351273	ENSP00000329623	0	0	0	0	0	0.937	0	0	0.937
MYC	CTNNB1	991727	987513	ENSP00000367207	ENSP00000344456	0	0	0	0	0	0.62	0.9	0	0.959
BCL2	BAX	985632	981408	ENSP00000329623	ENSP00000293288	0	0	0	0.731	0	0.999	0.9	0	0.999
IL6	NFKB1	978411	976749	ENSP00000258743	ENSP00000226574	0	0	0	0	0.104	0	0.9	0	0.904
NFKBIA	NFKB2	976240	975943	ENSP00000216797	ENSP00000189444	0	0	0	0.796	0.207	0.192	0.9	0	0.927
RAD50	TERF2	979585	978092	ENSP00000265335	ENSP00000254942	0	0	0	0	0	0.974	0.9	0	0.997
RELA	RIPK1	994309	978509	ENSP00000384273	ENSP00000259808	0	0	0	0	0	0	0.9	0	0.899
RIPK1	NFKB2	978509	975943	ENSP00000259808	ENSP00000189444	0	0	0	0	0	0	0.9	0	0.899
NRAS	HRAS	989936	983455	ENSP00000358548	ENSP00000309845	0	0	0	0.968	0	0	0.9	0	0.899
REL	NFKB2	981539	975943	ENSP00000295025	ENSP00000189444	0	0	0	0.813	0	0.948	0	0	0.948
NFKB1	TNFRSF1A	976749	975867	ENSP00000226574	ENSP00000162749	0	0	0	0	0	0	0.9	0	0.899
MRE11A	TERF2IP	985197	982235	ENSP00000325863	ENSP00000300086	0	0	0	0	0	0.84	0.9	0	0.982
CTNNB1	NFKB1	987513	976749	ENSP00000344456	ENSP00000226574	0	0	0	0	0	0.846	0	0	0.845
TNF	TNFRSF1A	995272	975867	ENSP00000392858	ENSP00000162749	0	0	0	0	0	0.985	0	0	0.984
CTNNB1	AXIN1	987513	978935	ENSP00000344456	ENSP00000262320	0	0	0	0	0	0.999	0.9	0	0.999
MAPK14	NFKB1	976889	976749	ENSP00000229794	ENSP00000226574	0	0	0	0	0	0	0.9	0	0.899
TERT	ATM	983416	980514	ENSP00000309572	ENSP00000278616	0	0	0	0	0	0.74	0	0	0.74
REL	NFKBIA	981539	976240	ENSP00000295025	ENSP00000216797	0	0	0	0	0	0.896	0	0	0.895
MAP3K7	XIAP	989887	987968	ENSP00000358335	ENSP00000347858	0	0	0	0	0	0.846	0.9	0	0.983
IKBKG	NFKB1	989953	976749	ENSP00000358622	ENSP00000226574	0	0	0	0	0	0.131	0.9	0	0.907
RELA	CASP8	994309	988504	ENSP00000384273	ENSP00000351273	0	0	0	0	0	0	0.9	0	0.899
MDM2	TP53	997954	979979	ENSP00000417281	ENSP00000269305	0	0	0	0	0.24	0.999	0.9	0	0.999
BCL2	AKT1	985632	980037	ENSP00000329623	ENSP00000270202	0	0	0	0	0	0	0.8	0	0.8
IKBKB	TP53	986774	979979	ENSP00000339151	ENSP00000269305	0	0	0	0	0	0.845	0	0	0.845
CHEK2	ATM	992579	980514	ENSP00000372023	ENSP00000278616	0	0	0	0	0	0.937	0.9	0	0.993
CHEK2	ATR	992579	987414	ENSP00000372023	ENSP00000343741	0	0	0	0	0	0.937	0.8	0	0.986
ATM	TP53	980514	979979	ENSP00000278616	ENSP00000269305	0	0	0	0	0	0.999	0.9	0	0.999
AKT1	CDKN1A	980037	977443	ENSP00000270202	ENSP00000244741	0	0	0	0	0	0.621	0.9	0	0.959
CASP8	TNFRSF1A	988504	975867	ENSP00000351273	ENSP00000162749	0	0	0	0	0.066	0.812	0.9	0	0.98
REL	NFKB1	981539	976749	ENSP00000295025	ENSP00000226574	0	0	0	0.811	0.173	0.883	0.9	0	0.988
CHEK2	RAD50	992579	979585	ENSP00000372023	ENSP00000265335	0	0	0	0	0.073	0.621	0.9	0	0.959
MAP3K7	TNFRSF1A	989887	975867	ENSP00000358335	ENSP00000162749	0	0	0	0	0	0.845	0.9	0	0.983
RELA	REL	994309	981539	ENSP00000384273	ENSP00000295025	0	0	0	0.899	0	0.982	0	0	0.982
MDM2	CDKN2A	997954	989188	ENSP00000417281	ENSP00000355153	0	0	0	0	0	0.999	0	0	0.998
RELA	NFKBIA	994309	976240	ENSP00000384273	ENSP00000216797	0	0	0	0	0.076	0.999	0.9	0	0.999
POT1	TERF2	988348	978092	ENSP00000350249	ENSP00000254942	0	0	0	0	0	0.951	0.9	0	0.994
BIRC2	TNFRSF1A	976784	975867	ENSP00000227758	ENSP00000162749	0	0	0	0	0	0.937	0.9	0	0.993
MAP3K7	RIPK1	989887	978509	ENSP00000358335	ENSP00000259808	0	0	0	0.639	0	0.937	0.9	0	0.993
RELA	NFKB2	994309	975943	ENSP00000384273	ENSP00000189444	0	0	0	0.835	0.153	0.846	0.9	0	0.985
MAPK14	NFKBIA	976889	976240	ENSP00000229794	ENSP00000216797	0	0	0	0	0	0.615	0.9	0	0.958
ATM	RAD50	980514	979585	ENSP00000278616	ENSP00000265335	0	0	0	0	0	0.333	0.9	0	0.928
IKBKG	ATM	989953	980514	ENSP00000358622	ENSP00000278616	0	0	0	0	0	0.845	0.9	0	0.983
MRE11A	RAD50	985197	979585	ENSP00000325863	ENSP00000265335	0	0	0	0	0.121	0.999	0.9	0	0.999
NRAS	MAPK14	989936	976889	ENSP00000358548	ENSP00000229794	0	0	0	0	0	0.104	0.8	0	0.808
MYC	GSK3B	991727	985091	ENSP00000367207	ENSP00000324806	0	0	0	0	0	0.977	0.9	0	0.997
CASP8	NFKBIA	988504	976240	ENSP00000351273	ENSP00000216797	0	0	0	0	0	0	0.8	0	0.8
MRE11A	TERF2	985197	978092	ENSP00000325863	ENSP00000254942	0	0	0	0	0.064	0.937	0.9	0	0.993
RIPK1	TNFRSF1A	978509	975867	ENSP00000259808	ENSP00000162749	0	0	0	0.513	0	0.999	0.9	0	0.999
AKT1	NFKB1	980037	976749	ENSP00000270202	ENSP00000226574	0	0	0	0	0	0.288	0.9	0	0.924
ATR	RAD50	987414	979585	ENSP00000343741	ENSP00000265335	0	0	0	0	0.232	0.671	0	0	0.73
AKT1	PIK3CA	980037	979288	ENSP00000270202	ENSP00000263967	0	0	0	0	0	0.225	0.9	0	0.917
MYC	SP1	991727	985597	ENSP00000367207	ENSP00000329357	0	0	0	0	0	0.937	0.9	0	0.993
BIRC3	RIPK1	979190	978509	ENSP00000263464	ENSP00000259808	0	0	0	0	0	0.928	0.9	0	0.992
RELA	BAX	994309	981408	ENSP00000384273	ENSP00000293288	0	0	0	0	0	0	0.9	0	0.899
RELA	BIRC3	994309	979190	ENSP00000384273	ENSP00000263464	0	0	0	0	0	0	0.9	0	0.899
MDM2	CHEK2	997954	992579	ENSP00000417281	ENSP00000372023	0	0	0	0	0	0.846	0	0	0.845
XIAP	BIRC2	987968	976784	ENSP00000347858	ENSP00000227758	0	0	0	0.886	0	0.621	0.9	0	0.959
IKBKG	RIPK1	989953	978509	ENSP00000358622	ENSP00000259808	0	0	0	0	0	0.999	0.9	0	0.999
NBN	RAD50	979610	979585	ENSP00000265433	ENSP00000265335	0	0	0	0	0.099	0.999	0.9	0	0.999
MDM2	AKT1	997954	980037	ENSP00000417281	ENSP00000270202	0	0	0	0	0	0.999	0.9	0	0.999
IKBKB	NFKB1	986774	976749	ENSP00000339151	ENSP00000226574	0	0	0	0	0	0.937	0.9	0	0.993
TP53	APC	979979	978275	ENSP00000269305	ENSP00000257430	0	0	0	0	0	0.578	0.9	0	0.954
MYC	NFKB1	991727	976749	ENSP00000367207	ENSP00000226574	0	0	0	0	0	0	0.9	0	0.899
MRE11A	ATM	985197	980514	ENSP00000325863	ENSP00000278616	0	0	0	0	0	0.749	0.9	0	0.973
CHEK2	CHEK1	992579	980540	ENSP00000372023	ENSP00000278916	0	0	0	0.75	0.632	0.758	0	0	0.905
MYC	TERT	991727	983416	ENSP00000367207	ENSP00000309572	0	0	0	0	0	0	0.9	0	0.899
RIPK1	BIRC2	978509	976784	ENSP00000259808	ENSP00000227758	0	0	0	0	0	0.971	0.9	0	0.996
RIPK1	NFKBIA	978509	976240	ENSP00000259808	ENSP00000216797	0	0	0	0	0.071	0	0.9	0	0.9
RELA	SP1	994309	985597	ENSP00000384273	ENSP00000329357	0	0	0	0	0	0.995	0	0	0.994
CHEK2	TP53	992579	979979	ENSP00000372023	ENSP00000269305	0	0	0	0	0	0.995	0.9	0	0.999
NRAS	KRAS	989936	978165	ENSP00000358548	ENSP00000256078	0	0	0	0.968	0	0	0.9	0	0.899
CASP8	BIRC3	988504	979190	ENSP00000351273	ENSP00000263464	0	0	0	0	0	0	0.9	0	0.899
HRAS	MAPK14	983455	976889	ENSP00000309845	ENSP00000229794	0	0	0	0	0	0.104	0.8	0	0.808
NFKB1	NFKBIA	976749	976240	ENSP00000226574	ENSP00000216797	0	0	0	0.822	0.376	0.999	0.9	0	0.999
TNF	IKBKG	995272	989953	ENSP00000392858	ENSP00000358622	0	0	0	0	0	0.846	0	0	0.845
POT1	TERF2IP	988348	982235	ENSP00000350249	ENSP00000300086	0	0	0	0	0	0.84	0.9	0	0.982
MYC	AXIN1	991727	978935	ENSP00000367207	ENSP00000262320	0	0	0	0	0	0.621	0.9	0	0.959
CTNNB1	APC	987513	978275	ENSP00000344456	ENSP00000257430	0	0	0	0.491	0	0.999	0.9	0	0.999
CDKN2A	TP53	989188	979979	ENSP00000355153	ENSP00000269305	0	0	0	0	0	0.995	0	0	0.994
PTGS2	MAPK14	989478	976889	ENSP00000356438	ENSP00000229794	0	0	0	0	0	0	0.9	0	0.899
DVL1	CTNNB1	991905	987513	ENSP00000368169	ENSP00000344456	0	0	0	0	0	0.62	0.9	0	0.959
DVL1	AXIN1	991905	978935	ENSP00000368169	ENSP00000262320	0	0	0	0.455	0	0.937	0.9	0	0.993
SP1	APC	985597	978275	ENSP00000329357	ENSP00000257430	0	0	0	0	0	0	0.9	0	0.899
MAP3K7	BIRC3	989887	979190	ENSP00000358335	ENSP00000263464	0	0	0	0	0	0.735	0	0	0.734
RELB	NFKBIA	976465	976240	ENSP00000221452	ENSP00000216797	0	0	0	0	0.345	0.705	0	0	0.793
IKBKB	TNFRSF1A	986774	975867	ENSP00000339151	ENSP00000162749	0	0	0	0	0	0.974	0.9	0	0.997
MAP3K7	NFKB1	989887	976749	ENSP00000358335	ENSP00000226574	0	0	0	0	0	0	0.8	0	0.8
GSK3B	APC	985091	978275	ENSP00000324806	ENSP00000257430	0	0	0	0	0	0.846	0.9	0	0.983
IKBKG	BIRC2	989953	976784	ENSP00000358622	ENSP00000227758	0	0	0	0	0	0.845	0.9	0	0.983
BCL2	TP53	985632	979979	ENSP00000329623	ENSP00000269305	0	0	0	0	0	0.974	0.9	0	0.997
MRE11A	NBN	985197	979610	ENSP00000325863	ENSP00000265433	0	0	0	0	0.077	0.999	0.72	0	0.999
ATR	ATM	987414	980514	ENSP00000343741	ENSP00000278616	0	0	0	0.584	0.109	0.826	0	0	0.834
SP1	TP53	985597	979979	ENSP00000329357	ENSP00000269305	0	0	0	0	0	0.999	0.9	0	0.999
RELA	IL6	994309	978411	ENSP00000384273	ENSP00000258743	0	0	0	0	0	0	0.9	0	0.899
TNF	IKBKB	995272	986774	ENSP00000392858	ENSP00000339151	0	0	0	0	0	0.846	0	0	0.845
DNMT1	CHEK1	988697	980540	ENSP00000352516	ENSP00000278916	0	0	0	0	0.38	0.846	0	0	0.898
MDM2	RAD50	997954	979585	ENSP00000417281	ENSP00000265335	0	0	0	0	0	0.71	0	0	0.71
BIRC3	NFKBIA	979190	976240	ENSP00000263464	ENSP00000216797	0	0	0	0	0.349	0	0.9	0	0.93
HRAS	PIK3CA	983455	979288	ENSP00000309845	ENSP00000263967	0	0	0	0	0	0.974	0.9	0	0.997
ATM	NBN	980514	979610	ENSP00000278616	ENSP00000265433	0	0	0	0	0	0.983	0	0	0.982
RELA	MYC	994309	991727	ENSP00000384273	ENSP00000367207	0	0	0	0	0	0.846	0.9	0	0.983
MYC	BAX	991727	981408	ENSP00000367207	ENSP00000293288	0	0	0	0	0	0	0.9	0	0.899
MDM2	CDKN1A	997954	977443	ENSP00000417281	ENSP00000244741	0	0	0	0	0	0.989	0	0	0.988
MYC	BCL2	991727	985632	ENSP00000367207	ENSP00000329623	0	0	0	0	0	0.621	0.9	0	0.959
HRAS	KRAS	983455	978165	ENSP00000309845	ENSP00000256078	0	0	0	0.968	0	0	0.9	0	0.899
CASP8	NFKB1	988504	976749	ENSP00000351273	ENSP00000226574	0	0	0	0	0	0	0.9	0	0.899
IKBKG	NFKBIA	989953	976240	ENSP00000358622	ENSP00000216797	0	0	0	0	0	0.999	0.9	0	0.999
TERT	NFKB1	983416	976749	ENSP00000309572	ENSP00000226574	0	0	0	0	0	0	0.9	0	0.899
RELA	PIK3CA	994309	979288	ENSP00000384273	ENSP00000263967	0	0	0	0	0	0	0.9	0	0.899
NFKB1	NFKB2	976749	975943	ENSP00000226574	ENSP00000189444	0	0	0	0.909	0.426	0.666	0.9	0	0.978
IKBKB	RELB	986774	976465	ENSP00000339151	ENSP00000221452	0	0	0	0	0	0	0.8	0	0.8
GSK3B	AXIN1	985091	978935	ENSP00000324806	ENSP00000262320	0	0	0	0	0	0.999	0.9	0	0.999
MYC	TP53	991727	979979	ENSP00000367207	ENSP00000269305	0	0	0	0	0	0.17	0.9	0	0.911
MDM2	NBN	997954	979610	ENSP00000417281	ENSP00000265433	0	0	0	0	0	0.846	0	0	0.845
RELB	NFKB2	976465	975943	ENSP00000221452	ENSP00000189444	0	0	0	0.807	0.676	0.99	0.9	0	0.999
MAPK10	TP53	988635	979979	ENSP00000352157	ENSP00000269305	0	0	0	0	0	0.621	0.8	0	0.919
NFKB1	RELB	976749	976465	ENSP00000226574	ENSP00000221452	0	0	0	0.802	0.525	0.706	0.9	0	0.984
AXIN1	APC	978935	978275	ENSP00000262320	ENSP00000257430	0	0	0	0	0	0.998	0.9	0	0.999
MDM2	PPM1D	997954	983051	ENSP00000417281	ENSP00000306682	0	0	0	0	0	0.62	0.9	0	0.959
IKBKB	NFKBIA	986774	976240	ENSP00000339151	ENSP00000216797	0	0	0	0	0	0.999	0.9	0	0.999
GSK3B	PIK3CA	985091	979288	ENSP00000324806	ENSP00000263967	0	0	0	0	0	0	0.8	0	0.8
CASP8	RIPK1	988504	978509	ENSP00000351273	ENSP00000259808	0	0	0	0	0.071	0.999	0.9	0	0.999
ATM	TERF2	980514	978092	ENSP00000278616	ENSP00000254942	0	0	0	0	0	0.621	0.9	0	0.959
IKBKB	AKT1	986774	980037	ENSP00000339151	ENSP00000270202	0	0	0	0.651	0	0.846	0.9	0	0.983
RELA	AKT1	994309	980037	ENSP00000384273	ENSP00000270202	0	0	0	0	0	0.077	0.8	0	0.802
IKBKB	NFKB2	986774	975943	ENSP00000339151	ENSP00000189444	0	0	0	0	0	0.284	0.9	0	0.923
RELA	NFKB1	994309	976749	ENSP00000384273	ENSP00000226574	0	0	0	0.821	0.068	0.999	0.9	0	0.999
PIK3CA	NFKB1	979288	976749	ENSP00000263967	ENSP00000226574	0	0	0	0	0	0	0.9	0	0.899
IKBKB	RIPK1	986774	978509	ENSP00000339151	ENSP00000259808	0	0	0	0.486	0	0.62	0.9	0	0.959
MAP3K7	MAPK14	989887	976889	ENSP00000358335	ENSP00000229794	0	0	0	0.659	0	0.62	0.9	0	0.959
RIPK1	NFKB1	978509	976749	ENSP00000259808	ENSP00000226574	0	0	0	0	0.072	0.62	0.9	0	0.959
RELA	MAPK14	994309	976889	ENSP00000384273	ENSP00000229794	0	0	0	0	0	0.31	0.9	0	0.926
RELA	RELB	994309	976465	ENSP00000384273	ENSP00000221452	0	0	0	0.881	0.18	0.717	0	0	0.752
NRAS	PIK3CA	989936	979288	ENSP00000358548	ENSP00000263967	0	0	0	0	0	0.621	0.9	0	0.959
DVL1	APC	991905	978275	ENSP00000368169	ENSP00000257430	0	0	0	0	0	0.62	0.9	0	0.959
RELA	IKBKG	994309	989953	ENSP00000384273	ENSP00000358622	0	0	0	0	0	0	0.9	0	0.899
CHEK1	AKT1	980540	980037	ENSP00000278916	ENSP00000270202	0	0	0	0.648	0	0.826	0	0	0.825
PIK3CA	NFKBIA	979288	976240	ENSP00000263967	ENSP00000216797	0	0	0	0	0	0	0.9	0	0.899
